[0m [0m [0m [0m [0m [0m [0m [0m [0m [0m [0m [0m [0m [0m [0m [0m [0m [0m [0m [0m [0m [0m [0m [0;38;2;220;188;255m▄[0;38;2;220;188;255m▄[38;2;220;188;255;48;2;220;188;255m▀[0m
[0m [0m [0m [0m [0m [0m [0m [0m [0m [0;38;2;220;188;255m▄[0;38;2;220;188;255m▄[38;2;220;188;255;48;2;220;188;255m▀[38;2;220;188;255;48;2;220;188;255m▀[38;2;230;207;255;48;2;230;207;255m▀[38;2;230;207;255;48;2;230;207;255m▀[0;38;2;230;207;255m▄[0;38;2;230;207;255m▄[0m [0m [0;38;2;220;188;255m▄[0;38;2;220;188;255m▄[38;2;220;188;255;48;2;220;188;255m▀[38;2;220;188;255;48;2;220;188;255m▀[38;2;220;188;255;48;2;220;188;255m▀[38;2;220;188;255;48;2;220;188;255m▀[38;2;220;188;255;48;2;220;188;255m▀[0m
[0m [0m [0m [0m [0;38;2;220;188;255m▄[0;38;2;220;188;255m▄[0;38;2;220;188;255m▄[38;2;220;188;255;48;2;220;188;255m▀[38;2;220;188;255;48;2;220;188;255m▀[38;2;220;188;255;48;2;220;188;255m▀[38;2;220;188;255;48;2;220;188;255m▀[38;2;220;188;255;48;2;220;188;255m▀[38;2;220;188;255;48;2;220;188;255m▀[38;2;230;207;255;48;2;230;207;255m▀[38;2;230;207;255;48;2;230;207;255m▀[38;2;230;207;255;48;2;230;207;255m▀[38;2;230;207;255;48;2;230;207;255m▀[38;2;230;207;255;48;2;230;207;255m▀[38;2;220;188;255;48;2;220;188;255m▀[38;2;220;188;255;48;2;220;188;255m▀[38;2;220;188;255;48;2;220;188;255m▀[38;2;220;188;255;48;2;220;188;255m▀[38;2;220;188;255;48;2;220;188;255m▀[38;2;220;188;255;48;2;220;188;255m▀[38;2;220;188;255;48;2;220;188;255m▀[38;2;220;188;255;48;2;220;188;255m▀[0m
[0;38;2;220;188;255m▄[0;38;2;220;188;255m▄[38;2;220;188;255;48;2;220;188;255m▀[38;2;220;188;255;48;2;220;188;255m▀[38;2;220;188;255;48;2;220;188;255m▀[38;2;220;188;255;48;2;220;188;255m▀[38;2;220;188;255;48;2;220;188;255m▀[38;2;220;188;255;48;2;220;188;255m▀[38;2;220;188;255;48;2;220;188;255m▀[38;2;220;188;255;48;2;220;188;255m▀[38;2;220;188;255;48;2;220;188;255m▀[38;2;220;188;255;48;2;220;188;255m▀[38;2;220;188;255;48;2;220;188;255m▀[38;2;230;207;255;48;2;230;207;255m▀[38;2;230;207;255;48;2;230;207;255m▀[38;2;230;207;255;48;2;230;207;255m▀[38;2;230;207;255;48;2;230;207;255m▀[38;2;230;207;255;48;2;230;207;255m▀[38;2;220;188;255;48;2;220;188;255m▀[38;2;220;188;255;48;2;220;188;255m▀[38;2;220;188;255;48;2;220;188;255m▀[38;2;220;188;255;48;2;220;188;255m▀[38;2;220;188;255;48;2;220;188;255m▀[38;2;220;188;255;48;2;220;188;255m▀[38;2;220;188;255;48;2;220;188;255m▀[38;2;220;188;255;48;2;220;188;255m▀[0m
[38;2;232;212;255;48;2;232;212;255m▀[38;2;220;188;255;48;2;232;212;255m▀[38;2;220;188;255;48;2;232;212;255m▀[38;2;220;188;255;48;2;220;188;255m▀[38;2;220;188;255;48;2;220;188;255m▀[38;2;220;188;255;48;2;220;188;255m▀[38;2;220;188;255;48;2;220;188;255m▀[38;2;220;188;255;48;2;220;188;255m▀[38;2;220;188;255;48;2;220;188;255m▀[38;2;220;188;255;48;2;220;188;255m▀[38;2;220;188;255;48;2;220;188;255m▀[38;2;220;188;255;48;2;220;188;255m▀[38;2;220;188;255;48;2;220;188;255m▀[38;2;230;207;255;48;2;230;207;255m▀[38;2;230;207;255;48;2;230;207;255m▀[38;2;230;207;255;48;2;230;207;255m▀[38;2;230;207;255;48;2;230;207;255m▀[38;2;230;207;255;48;2;230;207;255m▀[38;2;220;188;255;48;2;220;188;255m▀[38;2;220;188;255;48;2;220;188;255m▀[38;2;220;188;255;48;2;220;188;255m▀[38;2;220;188;255;48;2;220;188;255m▀[38;2;220;188;255;48;2;220;188;255m▀[38;2;220;188;255;48;2;145;72;240m▀[38;2;220;188;255;48;2;145;72;240m▀[38;2;145;72;240;48;2;145;72;240m▀[0m
[38;2;232;212;255;48;2;232;212;255m▀[38;2;232;212;255;48;2;232;212;255m▀[38;2;232;212;255;48;2;232;212;255m▀[38;2;232;212;255;48;2;232;212;255m▀[38;2;232;212;255;48;2;232;212;255m▀[38;2;220;188;255;48;2;232;212;255m▀[38;2;220;188;255;48;2;220;188;255m▀[38;2;220;188;255;48;2;220;188;255m▀[38;2;220;188;255;48;2;220;188;255m▀[38;2;220;188;255;48;2;220;188;255m▀[0;38;2;220;188;255m▀[0;38;2;220;188;255m▀[0m [0m [0;38;2;230;207;255m▀[0;38;2;230;207;255m▀[38;2;230;207;255;48;2;230;207;255m▀[38;2;230;207;255;48;2;230;207;255m▀[38;2;220;188;255;48;2;220;188;255m▀[38;2;220;188;255;48;2;220;188;255m▀[38;2;220;188;255;48;2;145;72;240m▀[38;2;145;72;240;48;2;145;72;240m▀[38;2;145;72;240;48;2;145;72;240m▀[38;2;145;72;240;48;2;145;72;240m▀[38;2;145;72;240;48;2;145;72;240m▀[38;2;145;72;240;48;2;145;72;240m▀[0m
[38;2;232;212;255;48;2;232;212;255m▀[38;2;232;212;255;48;2;232;212;255m▀[38;2;232;212;255;48;2;232;212;255m▀[38;2;232;212;255;48;2;232;212;255m▀[38;2;232;212;255;48;2;232;212;255m▀[38;2;232;212;255;48;2;232;212;255m▀[38;2;232;212;255;48;2;232;212;255m▀[38;2;232;212;255;48;2;232;212;255m▀[0m [0m [0m [0m [0m [0m [0m [0m [0m [0m [38;2;145;72;240;48;2;145;72;240m▀[38;2;145;72;240;48;2;145;72;240m▀[38;2;145;72;240;48;2;145;72;240m▀[38;2;145;72;240;48;2;145;72;240m▀[38;2;145;72;240;48;2;145;72;240m▀[38;2;145;72;240;48;2;145;72;240m▀[38;2;145;72;240;48;2;145;72;240m▀[38;2;145;72;240;48;2;145;72;240m▀[0m
[38;2;232;212;255;48;2;232;212;255m▀[38;2;232;212;255;48;2;232;212;255m▀[38;2;232;212;255;48;2;232;212;255m▀[38;2;232;212;255;48;2;232;212;255m▀[38;2;232;212;255;48;2;232;212;255m▀[38;2;232;212;255;48;2;232;212;255m▀[38;2;232;212;255;48;2;232;212;255m▀[38;2;232;212;255;48;2;116;41;224m▀[0;38;2;116;41;224m▄[0m [0m [0m [0m [0m [0m [0m [0m [0;38;2;93;26;196m▄[38;2;145;72;240;48;2;145;72;240m▀[38;2;145;72;240;48;2;145;72;240m▀[38;2;145;72;240;48;2;145;72;240m▀[38;2;145;72;240;48;2;145;72;240m▀[38;2;145;72;240;48;2;145;72;240m▀[38;2;145;72;240;48;2;145;72;240m▀[38;2;145;72;240;48;2;145;72;240m▀[38;2;145;72;240;48;2;145;72;240m▀[0m
[38;2;232;212;255;48;2;232;212;255m▀[38;2;232;212;255;48;2;232;212;255m▀[38;2;232;212;255;48;2;232;212;255m▀[38;2;232;212;255;48;2;232;212;255m▀[38;2;232;212;255;48;2;116;41;224m▀[38;2;116;41;224;48;2;116;41;224m▀[38;2;116;41;224;48;2;116;41;224m▀[38;2;116;41;224;48;2;116;41;224m▀[38;2;116;41;224;48;2;116;41;224m▀[38;2;116;41;224;48;2;116;41;224m▀[38;2;116;41;224;48;2;116;41;224m▀[0;38;2;116;41;224m▄[0;38;2;116;41;224m▄[0;38;2;93;26;196m▄[0;38;2;93;26;196m▄[38;2;93;26;196;48;2;93;26;196m▀[38;2;93;26;196;48;2;93;26;196m▀[38;2;93;26;196;48;2;93;26;196m▀[38;2;145;72;240;48;2;145;72;240m▀[38;2;145;72;240;48;2;145;72;240m▀[38;2;145;72;240;48;2;145;72;240m▀[38;2;145;72;240;48;2;145;72;240m▀[38;2;145;72;240;48;2;145;72;240m▀[38;2;145;72;240;48;2;145;72;240m▀[38;2;145;72;240;48;2;145;72;240m▀[38;2;145;72;240;48;2;145;72;240m▀[0m
[38;2;232;212;255;48;2;232;212;255m▀[38;2;232;212;255;48;2;116;41;224m▀[38;2;116;41;224;48;2;116;41;224m▀[38;2;116;41;224;48;2;116;41;224m▀[38;2;116;41;224;48;2;116;41;224m▀[38;2;116;41;224;48;2;116;41;224m▀[38;2;116;41;224;48;2;116;41;224m▀[38;2;116;41;224;48;2;116;41;224m▀[38;2;116;41;224;48;2;116;41;224m▀[38;2;116;41;224;48;2;116;41;224m▀[38;2;116;41;224;48;2;116;41;224m▀[38;2;116;41;224;48;2;116;41;224m▀[38;2;116;41;224;48;2;116;41;224m▀[38;2;93;26;196;48;2;93;26;196m▀[38;2;93;26;196;48;2;93;26;196m▀[38;2;93;26;196;48;2;93;26;196m▀[38;2;93;26;196;48;2;93;26;196m▀[38;2;93;26;196;48;2;93;26;196m▀[38;2;145;72;240;48;2;145;72;240m▀[38;2;145;72;240;48;2;145;72;240m▀[38;2;145;72;240;48;2;145;72;240m▀[38;2;145;72;240;48;2;145;72;240m▀[38;2;145;72;240;48;2;145;72;240m▀[38;2;145;72;240;48;2;145;72;240m▀[38;2;145;72;240;48;2;145;72;240m▀[38;2;145;72;240;48;2;145;72;240m▀[0m
[0m [0;38;2;116;41;224m▀[0;38;2;116;41;224m▀[38;2;116;41;224;48;2;116;41;224m▀[38;2;116;41;224;48;2;116;41;224m▀[38;2;116;41;224;48;2;116;41;224m▀[38;2;116;41;224;48;2;116;41;224m▀[38;2;116;41;224;48;2;116;41;224m▀[38;2;116;41;224;48;2;116;41;224m▀[38;2;116;41;224;48;2;116;41;224m▀[38;2;116;41;224;48;2;116;41;224m▀[38;2;116;41;224;48;2;116;41;224m▀[38;2;116;41;224;48;2;116;41;224m▀[38;2;93;26;196;48;2;93;26;196m▀[38;2;93;26;196;48;2;93;26;196m▀[38;2;93;26;196;48;2;93;26;196m▀[38;2;93;26;196;48;2;93;26;196m▀[38;2;93;26;196;48;2;93;26;196m▀[38;2;145;72;240;48;2;145;72;240m▀[38;2;145;72;240;48;2;145;72;240m▀[38;2;145;72;240;48;2;145;72;240m▀[38;2;145;72;240;48;2;145;72;240m▀[38;2;145;72;240;48;2;145;72;240m▀[38;2;145;72;240;48;2;145;72;240m▀[38;2;145;72;240;48;2;145;72;240m▀[38;2;145;72;240;48;2;145;72;240m▀[0m
[0m [0m [0m [0m [0m [0m [0;38;2;116;41;224m▀[0;38;2;116;41;224m▀[38;2;116;41;224;48;2;116;41;224m▀[38;2;116;41;224;48;2;116;41;224m▀[38;2;116;41;224;48;2;116;41;224m▀[38;2;116;41;224;48;2;116;41;224m▀[38;2;116;41;224;48;2;116;41;224m▀[38;2;93;26;196;48;2;93;26;196m▀[38;2;93;26;196;48;2;93;26;196m▀[38;2;93;26;196;48;2;93;26;196m▀[38;2;93;26;196;48;2;93;26;196m▀[38;2;93;26;196;48;2;93;26;196m▀[38;2;145;72;240;48;2;145;72;240m▀[38;2;145;72;240;48;2;145;72;240m▀[38;2;145;72;240;48;2;145;72;240m▀[38;2;145;72;240;48;2;145;72;240m▀[38;2;145;72;240;48;2;145;72;240m▀[38;2;145;72;240;48;2;145;72;240m▀[38;2;145;72;240;48;2;145;72;240m▀[38;2;145;72;240;48;2;145;72;240m▀[0m
[0m [0m [0m [0m [0m [0m [0m [0m [0m [0m [0;38;2;116;41;224m▀[0;38;2;116;41;224m▀[38;2;116;41;224;48;2;116;41;224m▀[38;2;93;26;196;48;2;93;26;196m▀[0;38;2;93;26;196m▀[0;38;2;93;26;196m▀[0m [0m [0;38;2;145;72;240m▀[0;38;2;145;72;240m▀[0;38;2;145;72;240m▀[0;38;2;145;72;240m▀[0;38;2;145;72;240m▀[0;38;2;145;72;240m▀[0;38;2;145;72;240m▀[0;38;2;145;72;240m▀[0m
