[0m [0m [0m [0m [0m [0m [0m [0m [0m [0m [0m [0m [0m [0m [0m [0m [0m [0m [0m [0m [0m [0m [0m [0;38;2;225;198;255m▄[0;38;2;225;198;255m▄[38;2;225;198;255;48;2;225;198;255m▀[0m
[0m [0m [0m [0m [0m [0m [0m [0m [0m [0;38;2;220;188;255m▄[0;38;2;220;188;255m▄[38;2;220;188;255;48;2;220;188;255m▀[38;2;220;188;255;48;2;220;188;255m▀[38;2;179;125;249;48;2;179;125;249m▀[38;2;179;125;249;48;2;179;125;249m▀[0;38;2;179;125;249m▄[0;38;2;179;125;249m▄[0m [0m [0;38;2;225;198;255m▄[0;38;2;225;198;255m▄[38;2;225;198;255;48;2;225;198;255m▀[38;2;225;198;255;48;2;225;198;255m▀[38;2;225;198;255;48;2;225;198;255m▀[38;2;225;198;255;48;2;225;198;255m▀[38;2;225;198;255;48;2;225;198;255m▀[0m
[0m [0m [0m [0m [0;38;2;220;188;255m▄[0;38;2;220;188;255m▄[0;38;2;220;188;255m▄[38;2;220;188;255;48;2;220;188;255m▀[38;2;220;188;255;48;2;220;188;255m▀[38;2;220;188;255;48;2;220;188;255m▀[38;2;220;188;255;48;2;220;188;255m▀[38;2;220;188;255;48;2;220;188;255m▀[38;2;220;188;255;48;2;220;188;255m▀[38;2;179;125;249;48;2;179;125;249m▀[38;2;179;125;249;48;2;179;125;249m▀[38;2;179;125;249;48;2;179;125;249m▀[38;2;179;125;249;48;2;179;125;249m▀[38;2;179;125;249;48;2;179;125;249m▀[38;2;225;198;255;48;2;225;198;255m▀[38;2;225;198;255;48;2;225;198;255m▀[38;2;225;198;255;48;2;225;198;255m▀[38;2;225;198;255;48;2;225;198;255m▀[38;2;225;198;255;48;2;225;198;255m▀[38;2;225;198;255;48;2;225;198;255m▀[38;2;225;198;255;48;2;225;198;255m▀[38;2;225;198;255;48;2;225;198;255m▀[0m
[0;38;2;220;188;255m▄[0;38;2;220;188;255m▄[38;2;220;188;255;48;2;220;188;255m▀[38;2;220;188;255;48;2;220;188;255m▀[38;2;220;188;255;48;2;220;188;255m▀[38;2;220;188;255;48;2;220;188;255m▀[38;2;220;188;255;48;2;220;188;255m▀[38;2;220;188;255;48;2;220;188;255m▀[38;2;220;188;255;48;2;220;188;255m▀[38;2;220;188;255;48;2;220;188;255m▀[38;2;220;188;255;48;2;220;188;255m▀[38;2;220;188;255;48;2;220;188;255m▀[38;2;220;188;255;48;2;220;188;255m▀[38;2;179;125;249;48;2;179;125;249m▀[38;2;179;125;249;48;2;179;125;249m▀[38;2;179;125;249;48;2;179;125;249m▀[38;2;179;125;249;48;2;179;125;249m▀[38;2;179;125;249;48;2;179;125;249m▀[38;2;225;198;255;48;2;225;198;255m▀[38;2;225;198;255;48;2;225;198;255m▀[38;2;225;198;255;48;2;225;198;255m▀[38;2;225;198;255;48;2;225;198;255m▀[38;2;225;198;255;48;2;225;198;255m▀[38;2;225;198;255;48;2;225;198;255m▀[38;2;225;198;255;48;2;225;198;255m▀[38;2;225;198;255;48;2;225;198;255m▀[0m
[38;2;179;125;249;48;2;179;125;249m▀[38;2;220;188;255;48;2;179;125;249m▀[38;2;220;188;255;48;2;179;125;249m▀[38;2;220;188;255;48;2;220;188;255m▀[38;2;220;188;255;48;2;220;188;255m▀[38;2;220;188;255;48;2;220;188;255m▀[38;2;220;188;255;48;2;220;188;255m▀[38;2;220;188;255;48;2;220;188;255m▀[38;2;220;188;255;48;2;220;188;255m▀[38;2;220;188;255;48;2;220;188;255m▀[38;2;220;188;255;48;2;220;188;255m▀[38;2;220;188;255;48;2;220;188;255m▀[38;2;220;188;255;48;2;220;188;255m▀[38;2;179;125;249;48;2;179;125;249m▀[38;2;179;125;249;48;2;179;125;249m▀[38;2;179;125;249;48;2;179;125;249m▀[38;2;179;125;249;48;2;179;125;249m▀[38;2;179;125;249;48;2;179;125;249m▀[38;2;225;198;255;48;2;225;198;255m▀[38;2;225;198;255;48;2;225;198;255m▀[38;2;225;198;255;48;2;225;198;255m▀[38;2;225;198;255;48;2;225;198;255m▀[38;2;225;198;255;48;2;225;198;255m▀[38;2;225;198;255;48;2;145;72;240m▀[38;2;225;198;255;48;2;145;72;240m▀[38;2;145;72;240;48;2;145;72;240m▀[0m
[38;2;179;125;249;48;2;179;125;249m▀[38;2;179;125;249;48;2;179;125;249m▀[38;2;179;125;249;48;2;179;125;249m▀[38;2;179;125;249;48;2;179;125;249m▀[38;2;179;125;249;48;2;179;125;249m▀[38;2;220;188;255;48;2;179;125;249m▀[38;2;220;188;255;48;2;220;188;255m▀[38;2;220;188;255;48;2;220;188;255m▀[38;2;220;188;255;48;2;220;188;255m▀[38;2;220;188;255;48;2;220;188;255m▀[0;38;2;220;188;255m▀[0;38;2;220;188;255m▀[0m [0m [0;38;2;179;125;249m▀[0;38;2;179;125;249m▀[38;2;179;125;249;48;2;179;125;249m▀[38;2;179;125;249;48;2;179;125;249m▀[38;2;225;198;255;48;2;225;198;255m▀[38;2;225;198;255;48;2;225;198;255m▀[38;2;225;198;255;48;2;145;72;240m▀[38;2;145;72;240;48;2;145;72;240m▀[38;2;145;72;240;48;2;145;72;240m▀[38;2;145;72;240;48;2;145;72;240m▀[38;2;145;72;240;48;2;145;72;240m▀[38;2;145;72;240;48;2;145;72;240m▀[0m
[38;2;179;125;249;48;2;179;125;249m▀[38;2;179;125;249;48;2;179;125;249m▀[38;2;179;125;249;48;2;179;125;249m▀[38;2;179;125;249;48;2;179;125;249m▀[38;2;179;125;249;48;2;179;125;249m▀[38;2;179;125;249;48;2;179;125;249m▀[38;2;179;125;249;48;2;179;125;249m▀[38;2;179;125;249;48;2;179;125;249m▀[0m [0m [0m [0m [0m [0m [0m [0m [0m [0m [38;2;145;72;240;48;2;145;72;240m▀[38;2;145;72;240;48;2;145;72;240m▀[38;2;145;72;240;48;2;145;72;240m▀[38;2;145;72;240;48;2;145;72;240m▀[38;2;145;72;240;48;2;145;72;240m▀[38;2;145;72;240;48;2;145;72;240m▀[38;2;145;72;240;48;2;145;72;240m▀[38;2;145;72;240;48;2;145;72;240m▀[0m
[38;2;179;125;249;48;2;179;125;249m▀[38;2;179;125;249;48;2;179;125;249m▀[38;2;179;125;249;48;2;179;125;249m▀[38;2;179;125;249;48;2;179;125;249m▀[38;2;179;125;249;48;2;179;125;249m▀[38;2;179;125;249;48;2;179;125;249m▀[38;2;179;125;249;48;2;179;125;249m▀[38;2;179;125;249;48;2;179;125;249m▀[0;38;2;179;125;249m▄[0m [0m [0m [0m [0m [0m [0m [0m [0;38;2;93;26;196m▄[38;2;145;72;240;48;2;145;72;240m▀[38;2;145;72;240;48;2;145;72;240m▀[38;2;145;72;240;48;2;145;72;240m▀[38;2;145;72;240;48;2;145;72;240m▀[38;2;145;72;240;48;2;145;72;240m▀[38;2;145;72;240;48;2;145;72;240m▀[38;2;145;72;240;48;2;145;72;240m▀[38;2;145;72;240;48;2;145;72;240m▀[0m
[38;2;179;125;249;48;2;179;125;249m▀[38;2;179;125;249;48;2;179;125;249m▀[38;2;179;125;249;48;2;179;125;249m▀[38;2;179;125;249;48;2;179;125;249m▀[38;2;179;125;249;48;2;179;125;249m▀[38;2;179;125;249;48;2;179;125;249m▀[38;2;179;125;249;48;2;179;125;249m▀[38;2;179;125;249;48;2;179;125;249m▀[38;2;179;125;249;48;2;179;125;249m▀[38;2;179;125;249;48;2;179;125;249m▀[38;2;179;125;249;48;2;179;125;249m▀[0;38;2;179;125;249m▄[0;38;2;179;125;249m▄[0;38;2;93;26;196m▄[0;38;2;93;26;196m▄[38;2;93;26;196;48;2;93;26;196m▀[38;2;93;26;196;48;2;93;26;196m▀[38;2;93;26;196;48;2;93;26;196m▀[38;2;145;72;240;48;2;145;72;240m▀[38;2;145;72;240;48;2;145;72;240m▀[38;2;145;72;240;48;2;145;72;240m▀[38;2;145;72;240;48;2;145;72;240m▀[38;2;145;72;240;48;2;145;72;240m▀[38;2;145;72;240;48;2;145;72;240m▀[38;2;145;72;240;48;2;145;72;240m▀[38;2;145;72;240;48;2;145;72;240m▀[0m
[38;2;179;125;249;48;2;179;125;249m▀[38;2;179;125;249;48;2;179;125;249m▀[38;2;179;125;249;48;2;179;125;249m▀[38;2;179;125;249;48;2;179;125;249m▀[38;2;179;125;249;48;2;179;125;249m▀[38;2;179;125;249;48;2;179;125;249m▀[38;2;179;125;249;48;2;179;125;249m▀[38;2;179;125;249;48;2;179;125;249m▀[38;2;179;125;249;48;2;179;125;249m▀[38;2;179;125;249;48;2;179;125;249m▀[38;2;179;125;249;48;2;179;125;249m▀[38;2;179;125;249;48;2;179;125;249m▀[38;2;179;125;249;48;2;179;125;249m▀[38;2;93;26;196;48;2;93;26;196m▀[38;2;93;26;196;48;2;93;26;196m▀[38;2;93;26;196;48;2;93;26;196m▀[38;2;93;26;196;48;2;93;26;196m▀[38;2;93;26;196;48;2;93;26;196m▀[38;2;145;72;240;48;2;145;72;240m▀[38;2;145;72;240;48;2;145;72;240m▀[38;2;145;72;240;48;2;145;72;240m▀[38;2;145;72;240;48;2;145;72;240m▀[38;2;145;72;240;48;2;145;72;240m▀[38;2;145;72;240;48;2;145;72;240m▀[38;2;145;72;240;48;2;145;72;240m▀[38;2;145;72;240;48;2;145;72;240m▀[0m
[0m [0;38;2;179;125;249m▀[0;38;2;179;125;249m▀[38;2;179;125;249;48;2;179;125;249m▀[38;2;179;125;249;48;2;179;125;249m▀[38;2;179;125;249;48;2;179;125;249m▀[38;2;179;125;249;48;2;179;125;249m▀[38;2;179;125;249;48;2;179;125;249m▀[38;2;179;125;249;48;2;179;125;249m▀[38;2;179;125;249;48;2;179;125;249m▀[38;2;179;125;249;48;2;179;125;249m▀[38;2;179;125;249;48;2;179;125;249m▀[38;2;179;125;249;48;2;179;125;249m▀[38;2;93;26;196;48;2;93;26;196m▀[38;2;93;26;196;48;2;93;26;196m▀[38;2;93;26;196;48;2;93;26;196m▀[38;2;93;26;196;48;2;93;26;196m▀[38;2;93;26;196;48;2;93;26;196m▀[38;2;145;72;240;48;2;145;72;240m▀[38;2;145;72;240;48;2;145;72;240m▀[38;2;145;72;240;48;2;145;72;240m▀[38;2;145;72;240;48;2;145;72;240m▀[38;2;145;72;240;48;2;145;72;240m▀[38;2;145;72;240;48;2;145;72;240m▀[38;2;145;72;240;48;2;145;72;240m▀[38;2;145;72;240;48;2;145;72;240m▀[0m
[0m [0m [0m [0m [0m [0m [0;38;2;179;125;249m▀[0;38;2;179;125;249m▀[38;2;179;125;249;48;2;179;125;249m▀[38;2;179;125;249;48;2;179;125;249m▀[38;2;179;125;249;48;2;179;125;249m▀[38;2;179;125;249;48;2;179;125;249m▀[38;2;179;125;249;48;2;179;125;249m▀[38;2;93;26;196;48;2;93;26;196m▀[38;2;93;26;196;48;2;93;26;196m▀[38;2;93;26;196;48;2;93;26;196m▀[38;2;93;26;196;48;2;93;26;196m▀[38;2;93;26;196;48;2;93;26;196m▀[38;2;145;72;240;48;2;145;72;240m▀[38;2;145;72;240;48;2;145;72;240m▀[38;2;145;72;240;48;2;145;72;240m▀[38;2;145;72;240;48;2;145;72;240m▀[38;2;145;72;240;48;2;145;72;240m▀[38;2;145;72;240;48;2;145;72;240m▀[38;2;145;72;240;48;2;145;72;240m▀[38;2;145;72;240;48;2;145;72;240m▀[0m
[0m [0m [0m [0m [0m [0m [0m [0m [0m [0m [0;38;2;179;125;249m▀[0;38;2;179;125;249m▀[38;2;179;125;249;48;2;179;125;249m▀[38;2;93;26;196;48;2;93;26;196m▀[0;38;2;93;26;196m▀[0;38;2;93;26;196m▀[0m [0m [0;38;2;145;72;240m▀[0;38;2;145;72;240m▀[0;38;2;145;72;240m▀[0;38;2;145;72;240m▀[0;38;2;145;72;240m▀[0;38;2;145;72;240m▀[0;38;2;145;72;240m▀[0;38;2;145;72;240m▀[0m
