[0m [0m [0m [0m [0m [0m [0m [0m [0m [0m [0m [0m [0m [0m [0m [0m [0m [0m [0m [0m [0m [0m [0m [0;38;2;179;125;249m▄[0;38;2;179;125;249m▄[38;2;179;125;249;48;2;179;125;249m▀[0m
[0m [0m [0m [0m [0m [0m [0m [0m [0m [0;38;2;220;188;255m▄[0;38;2;220;188;255m▄[38;2;220;188;255;48;2;220;188;255m▀[38;2;220;188;255;48;2;220;188;255m▀[38;2;145;72;240;48;2;145;72;240m▀[38;2;145;72;240;48;2;145;72;240m▀[0;38;2;145;72;240m▄[0;38;2;145;72;240m▄[0m [0m [0;38;2;179;125;249m▄[0;38;2;179;125;249m▄[38;2;179;125;249;48;2;179;125;249m▀[38;2;179;125;249;48;2;179;125;249m▀[38;2;179;125;249;48;2;179;125;249m▀[38;2;179;125;249;48;2;179;125;249m▀[38;2;179;125;249;48;2;179;125;249m▀[0m
[0m [0m [0m [0m [0;38;2;220;188;255m▄[0;38;2;220;188;255m▄[0;38;2;220;188;255m▄[38;2;220;188;255;48;2;220;188;255m▀[38;2;220;188;255;48;2;220;188;255m▀[38;2;220;188;255;48;2;220;188;255m▀[38;2;220;188;255;48;2;220;188;255m▀[38;2;220;188;255;48;2;220;188;255m▀[38;2;220;188;255;48;2;220;188;255m▀[38;2;145;72;240;48;2;145;72;240m▀[38;2;145;72;240;48;2;145;72;240m▀[38;2;145;72;240;48;2;145;72;240m▀[38;2;145;72;240;48;2;145;72;240m▀[38;2;145;72;240;48;2;145;72;240m▀[38;2;179;125;249;48;2;179;125;249m▀[38;2;179;125;249;48;2;179;125;249m▀[38;2;179;125;249;48;2;179;125;249m▀[38;2;179;125;249;48;2;179;125;249m▀[38;2;179;125;249;48;2;179;125;249m▀[38;2;179;125;249;48;2;179;125;249m▀[38;2;179;125;249;48;2;179;125;249m▀[38;2;179;125;249;48;2;179;125;249m▀[0m
[0;38;2;220;188;255m▄[0;38;2;220;188;255m▄[38;2;220;188;255;48;2;220;188;255m▀[38;2;220;188;255;48;2;220;188;255m▀[38;2;220;188;255;48;2;220;188;255m▀[38;2;220;188;255;48;2;220;188;255m▀[38;2;220;188;255;48;2;220;188;255m▀[38;2;220;188;255;48;2;220;188;255m▀[38;2;220;188;255;48;2;220;188;255m▀[38;2;220;188;255;48;2;220;188;255m▀[38;2;220;188;255;48;2;220;188;255m▀[38;2;220;188;255;48;2;220;188;255m▀[38;2;220;188;255;48;2;220;188;255m▀[38;2;145;72;240;48;2;145;72;240m▀[38;2;145;72;240;48;2;145;72;240m▀[38;2;145;72;240;48;2;145;72;240m▀[38;2;145;72;240;48;2;145;72;240m▀[38;2;145;72;240;48;2;145;72;240m▀[38;2;179;125;249;48;2;179;125;249m▀[38;2;179;125;249;48;2;179;125;249m▀[38;2;179;125;249;48;2;179;125;249m▀[38;2;179;125;249;48;2;179;125;249m▀[38;2;179;125;249;48;2;179;125;249m▀[38;2;179;125;249;48;2;179;125;249m▀[38;2;179;125;249;48;2;179;125;249m▀[38;2;179;125;249;48;2;179;125;249m▀[0m
[38;2;179;125;249;48;2;179;125;249m▀[38;2;220;188;255;48;2;179;125;249m▀[38;2;220;188;255;48;2;179;125;249m▀[38;2;220;188;255;48;2;220;188;255m▀[38;2;220;188;255;48;2;220;188;255m▀[38;2;220;188;255;48;2;220;188;255m▀[38;2;220;188;255;48;2;220;188;255m▀[38;2;220;188;255;48;2;220;188;255m▀[38;2;220;188;255;48;2;220;188;255m▀[38;2;220;188;255;48;2;220;188;255m▀[38;2;220;188;255;48;2;220;188;255m▀[38;2;220;188;255;48;2;220;188;255m▀[38;2;220;188;255;48;2;220;188;255m▀[38;2;145;72;240;48;2;145;72;240m▀[38;2;145;72;240;48;2;145;72;240m▀[38;2;145;72;240;48;2;145;72;240m▀[38;2;145;72;240;48;2;145;72;240m▀[38;2;145;72;240;48;2;145;72;240m▀[38;2;179;125;249;48;2;179;125;249m▀[38;2;179;125;249;48;2;179;125;249m▀[38;2;179;125;249;48;2;179;125;249m▀[38;2;179;125;249;48;2;179;125;249m▀[38;2;179;125;249;48;2;179;125;249m▀[38;2;179;125;249;48;2;145;72;240m▀[38;2;179;125;249;48;2;145;72;240m▀[38;2;145;72;240;48;2;145;72;240m▀[0m
[38;2;179;125;249;48;2;179;125;249m▀[38;2;179;125;249;48;2;179;125;249m▀[38;2;179;125;249;48;2;179;125;249m▀[38;2;179;125;249;48;2;179;125;249m▀[38;2;179;125;249;48;2;179;125;249m▀[38;2;220;188;255;48;2;179;125;249m▀[38;2;220;188;255;48;2;220;188;255m▀[38;2;220;188;255;48;2;220;188;255m▀[38;2;220;188;255;48;2;220;188;255m▀[38;2;220;188;255;48;2;220;188;255m▀[0;38;2;220;188;255m▀[0;38;2;220;188;255m▀[0m [0m [0;38;2;145;72;240m▀[0;38;2;145;72;240m▀[38;2;145;72;240;48;2;145;72;240m▀[38;2;145;72;240;48;2;145;72;240m▀[38;2;179;125;249;48;2;179;125;249m▀[38;2;179;125;249;48;2;179;125;249m▀[38;2;179;125;249;48;2;145;72;240m▀[38;2;145;72;240;48;2;145;72;240m▀[38;2;145;72;240;48;2;145;72;240m▀[38;2;145;72;240;48;2;145;72;240m▀[38;2;145;72;240;48;2;145;72;240m▀[38;2;145;72;240;48;2;145;72;240m▀[0m
[38;2;179;125;249;48;2;179;125;249m▀[38;2;179;125;249;48;2;179;125;249m▀[38;2;179;125;249;48;2;179;125;249m▀[38;2;179;125;249;48;2;179;125;249m▀[38;2;179;125;249;48;2;179;125;249m▀[38;2;179;125;249;48;2;179;125;249m▀[38;2;179;125;249;48;2;179;125;249m▀[38;2;179;125;249;48;2;179;125;249m▀[0m [0m [0m [0m [0m [0m [0m [0m [0m [0m [38;2;145;72;240;48;2;145;72;240m▀[38;2;145;72;240;48;2;145;72;240m▀[38;2;145;72;240;48;2;145;72;240m▀[38;2;145;72;240;48;2;145;72;240m▀[38;2;145;72;240;48;2;145;72;240m▀[38;2;145;72;240;48;2;145;72;240m▀[38;2;145;72;240;48;2;145;72;240m▀[38;2;145;72;240;48;2;145;72;240m▀[0m
[38;2;179;125;249;48;2;179;125;249m▀[38;2;179;125;249;48;2;179;125;249m▀[38;2;179;125;249;48;2;179;125;249m▀[38;2;179;125;249;48;2;179;125;249m▀[38;2;179;125;249;48;2;179;125;249m▀[38;2;179;125;249;48;2;179;125;249m▀[38;2;179;125;249;48;2;179;125;249m▀[38;2;179;125;249;48;2;229;206;255m▀[0;38;2;229;206;255m▄[0m [0m [0m [0m [0m [0m [0m [0m [0;38;2;116;41;224m▄[38;2;145;72;240;48;2;145;72;240m▀[38;2;145;72;240;48;2;145;72;240m▀[38;2;145;72;240;48;2;145;72;240m▀[38;2;145;72;240;48;2;145;72;240m▀[38;2;145;72;240;48;2;145;72;240m▀[38;2;145;72;240;48;2;145;72;240m▀[38;2;145;72;240;48;2;145;72;240m▀[38;2;145;72;240;48;2;145;72;240m▀[0m
[38;2;179;125;249;48;2;179;125;249m▀[38;2;179;125;249;48;2;179;125;249m▀[38;2;179;125;249;48;2;179;125;249m▀[38;2;179;125;249;48;2;179;125;249m▀[38;2;179;125;249;48;2;229;206;255m▀[38;2;229;206;255;48;2;229;206;255m▀[38;2;229;206;255;48;2;229;206;255m▀[38;2;229;206;255;48;2;229;206;255m▀[38;2;229;206;255;48;2;229;206;255m▀[38;2;229;206;255;48;2;229;206;255m▀[38;2;229;206;255;48;2;229;206;255m▀[0;38;2;229;206;255m▄[0;38;2;229;206;255m▄[0;38;2;116;41;224m▄[0;38;2;116;41;224m▄[38;2;116;41;224;48;2;116;41;224m▀[38;2;116;41;224;48;2;116;41;224m▀[38;2;116;41;224;48;2;116;41;224m▀[38;2;145;72;240;48;2;145;72;240m▀[38;2;145;72;240;48;2;145;72;240m▀[38;2;145;72;240;48;2;145;72;240m▀[38;2;145;72;240;48;2;145;72;240m▀[38;2;145;72;240;48;2;145;72;240m▀[38;2;145;72;240;48;2;145;72;240m▀[38;2;145;72;240;48;2;145;72;240m▀[38;2;145;72;240;48;2;145;72;240m▀[0m
[38;2;179;125;249;48;2;179;125;249m▀[38;2;179;125;249;48;2;229;206;255m▀[38;2;229;206;255;48;2;229;206;255m▀[38;2;229;206;255;48;2;229;206;255m▀[38;2;229;206;255;48;2;229;206;255m▀[38;2;229;206;255;48;2;229;206;255m▀[38;2;229;206;255;48;2;229;206;255m▀[38;2;229;206;255;48;2;229;206;255m▀[38;2;229;206;255;48;2;229;206;255m▀[38;2;229;206;255;48;2;229;206;255m▀[38;2;229;206;255;48;2;229;206;255m▀[38;2;229;206;255;48;2;229;206;255m▀[38;2;229;206;255;48;2;229;206;255m▀[38;2;116;41;224;48;2;116;41;224m▀[38;2;116;41;224;48;2;116;41;224m▀[38;2;116;41;224;48;2;116;41;224m▀[38;2;116;41;224;48;2;116;41;224m▀[38;2;116;41;224;48;2;116;41;224m▀[38;2;145;72;240;48;2;145;72;240m▀[38;2;145;72;240;48;2;145;72;240m▀[38;2;145;72;240;48;2;145;72;240m▀[38;2;145;72;240;48;2;145;72;240m▀[38;2;145;72;240;48;2;145;72;240m▀[38;2;145;72;240;48;2;145;72;240m▀[38;2;145;72;240;48;2;145;72;240m▀[38;2;145;72;240;48;2;145;72;240m▀[0m
[0m [0;38;2;229;206;255m▀[0;38;2;229;206;255m▀[38;2;229;206;255;48;2;229;206;255m▀[38;2;229;206;255;48;2;229;206;255m▀[38;2;229;206;255;48;2;229;206;255m▀[38;2;229;206;255;48;2;229;206;255m▀[38;2;229;206;255;48;2;229;206;255m▀[38;2;229;206;255;48;2;229;206;255m▀[38;2;229;206;255;48;2;229;206;255m▀[38;2;229;206;255;48;2;229;206;255m▀[38;2;229;206;255;48;2;229;206;255m▀[38;2;229;206;255;48;2;229;206;255m▀[38;2;116;41;224;48;2;116;41;224m▀[38;2;116;41;224;48;2;116;41;224m▀[38;2;116;41;224;48;2;116;41;224m▀[38;2;116;41;224;48;2;116;41;224m▀[38;2;116;41;224;48;2;116;41;224m▀[38;2;145;72;240;48;2;145;72;240m▀[38;2;145;72;240;48;2;145;72;240m▀[38;2;145;72;240;48;2;145;72;240m▀[38;2;145;72;240;48;2;145;72;240m▀[38;2;145;72;240;48;2;145;72;240m▀[38;2;145;72;240;48;2;145;72;240m▀[38;2;145;72;240;48;2;145;72;240m▀[38;2;145;72;240;48;2;145;72;240m▀[0m
[0m [0m [0m [0m [0m [0m [0;38;2;229;206;255m▀[0;38;2;229;206;255m▀[38;2;229;206;255;48;2;229;206;255m▀[38;2;229;206;255;48;2;229;206;255m▀[38;2;229;206;255;48;2;229;206;255m▀[38;2;229;206;255;48;2;229;206;255m▀[38;2;229;206;255;48;2;229;206;255m▀[38;2;116;41;224;48;2;116;41;224m▀[38;2;116;41;224;48;2;116;41;224m▀[38;2;116;41;224;48;2;116;41;224m▀[38;2;116;41;224;48;2;116;41;224m▀[38;2;116;41;224;48;2;116;41;224m▀[38;2;145;72;240;48;2;145;72;240m▀[38;2;145;72;240;48;2;145;72;240m▀[38;2;145;72;240;48;2;145;72;240m▀[38;2;145;72;240;48;2;145;72;240m▀[38;2;145;72;240;48;2;145;72;240m▀[38;2;145;72;240;48;2;145;72;240m▀[38;2;145;72;240;48;2;145;72;240m▀[38;2;145;72;240;48;2;145;72;240m▀[0m
[0m [0m [0m [0m [0m [0m [0m [0m [0m [0m [0;38;2;229;206;255m▀[0;38;2;229;206;255m▀[38;2;229;206;255;48;2;229;206;255m▀[38;2;116;41;224;48;2;116;41;224m▀[0;38;2;116;41;224m▀[0;38;2;116;41;224m▀[0m [0m [0;38;2;145;72;240m▀[0;38;2;145;72;240m▀[0;38;2;145;72;240m▀[0;38;2;145;72;240m▀[0;38;2;145;72;240m▀[0;38;2;145;72;240m▀[0;38;2;145;72;240m▀[0;38;2;145;72;240m▀[0m
