[0m [0m [0m [0m [0m [0m [0m [0m [0m [0m [0m [0;38;2;179;125;249m▄[38;2;179;125;249;48;2;220;188;255m▀[38;2;93;26;196;48;2;220;188;255m▀[0;38;2;93;26;196m▄[0m
[0m [0m [0m [0m [0m [0m [0m [0m [0m [0;38;2;179;125;249m▄[38;2;179;125;249;48;2;179;125;249m▀[38;2;179;125;249;48;2;220;188;255m▀[38;2;220;188;255;48;2;220;188;255m▀[38;2;220;188;255;48;2;220;188;255m▀[38;2;93;26;196;48;2;220;188;255m▀[38;2;93;26;196;48;2;93;26;196m▀[0;38;2;93;26;196m▄[0m
[0m [0m [0m [0m [0m [0m [0m [0m [38;2;179;125;249;48;2;179;125;249m▀[38;2;179;125;249;48;2;179;125;249m▀[38;2;179;125;249;48;2;179;125;249m▀[38;2;220;188;255;48;2;220;188;255m▀[38;2;220;188;255;48;2;220;188;255m▀[38;2;220;188;255;48;2;220;188;255m▀[38;2;220;188;255;48;2;220;188;255m▀[38;2;93;26;196;48;2;93;26;196m▀[38;2;93;26;196;48;2;93;26;196m▀[38;2;116;41;224;48;2;116;41;224m▀[0m
[0m [0m [0m [0m [0m [0m [0;38;2;179;125;249m▄[38;2;179;125;249;48;2;179;125;249m▀[38;2;179;125;249;48;2;179;125;249m▀[38;2;179;125;249;48;2;220;188;255m▀[38;2;220;188;255;48;2;220;188;255m▀[38;2;220;188;255;48;2;220;188;255m▀[38;2;220;188;255;48;2;220;188;255m▀[38;2;220;188;255;48;2;220;188;255m▀[38;2;220;188;255;48;2;220;188;255m▀[38;2;220;188;255;48;2;220;188;255m▀[38;2;116;41;224;48;2;74;19;160m▀[38;2;116;41;224;48;2;116;41;224m▀[38;2;116;41;224;48;2;116;41;224m▀[0;38;2;116;41;224m▄[0m
[0m [0m [0m [0m [0m [38;2;220;188;255;48;2;220;188;255m▀[38;2;220;188;255;48;2;220;188;255m▀[38;2;220;188;255;48;2;220;188;255m▀[38;2;220;188;255;48;2;220;188;255m▀[38;2;220;188;255;48;2;220;188;255m▀[38;2;179;125;249;48;2;179;125;249m▀[38;2;220;188;255;48;2;179;125;249m▀[38;2;220;188;255;48;2;179;125;249m▀[38;2;220;188;255;48;2;93;26;196m▀[38;2;220;188;255;48;2;93;26;196m▀[38;2;93;26;196;48;2;93;26;196m▀[38;2;74;19;160;48;2;74;19;160m▀[38;2;74;19;160;48;2;74;19;160m▀[38;2;74;19;160;48;2;74;19;160m▀[38;2;74;19;160;48;2;74;19;160m▀[38;2;74;19;160;48;2;74;19;160m▀[0m
[0m [0m [0m [0;38;2;179;125;249m▄[38;2;179;125;249;48;2;179;125;249m▀[38;2;220;188;255;48;2;220;188;255m▀[38;2;220;188;255;48;2;220;188;255m▀[38;2;220;188;255;48;2;220;188;255m▀[38;2;220;188;255;48;2;220;188;255m▀[38;2;179;125;249;48;2;179;125;249m▀[38;2;179;125;249;48;2;179;125;249m▀[38;2;179;125;249;48;2;93;26;196m▀[38;2;93;26;196;48;2;93;26;196m▀[38;2;74;19;160;48;2;74;19;160m▀[38;2;93;26;196;48;2;74;19;160m▀[38;2;93;26;196;48;2;93;26;196m▀[38;2;93;26;196;48;2;93;26;196m▀[38;2;74;19;160;48;2;74;19;160m▀[38;2;74;19;160;48;2;74;19;160m▀[38;2;74;19;160;48;2;74;19;160m▀[38;2;74;19;160;48;2;74;19;160m▀[38;2;93;26;196;48;2;93;26;196m▀[0;38;2;93;26;196m▄[0m
[0m [0m [0;38;2;179;125;249m▄[38;2;179;125;249;48;2;179;125;249m▀[38;2;179;125;249;48;2;179;125;249m▀[38;2;220;188;255;48;2;220;188;255m▀[38;2;220;188;255;48;2;220;188;255m▀[38;2;220;188;255;48;2;220;188;255m▀[38;2;220;188;255;48;2;220;188;255m▀[38;2;179;125;249;48;2;93;26;196m▀[38;2;93;26;196;48;2;93;26;196m▀[38;2;93;26;196;48;2;93;26;196m▀[38;2;93;26;196;48;2;93;26;196m▀[38;2;74;19;160;48;2;74;19;160m▀[38;2;74;19;160;48;2;74;19;160m▀[38;2;74;19;160;48;2;74;19;160m▀[38;2;93;26;196;48;2;74;19;160m▀[38;2;74;19;160;48;2;74;19;160m▀[38;2;74;19;160;48;2;74;19;160m▀[38;2;74;19;160;48;2;74;19;160m▀[38;2;74;19;160;48;2;74;19;160m▀[38;2;93;26;196;48;2;93;26;196m▀[38;2;93;26;196;48;2;93;26;196m▀[0;38;2;93;26;196m▄[0m
[0m [0;38;2;145;72;240m▄[38;2;145;72;240;48;2;145;72;240m▀[38;2;145;72;240;48;2;145;72;240m▀[38;2;179;125;249;48;2;145;72;240m▀[38;2;220;188;255;48;2;145;72;240m▀[38;2;145;72;240;48;2;145;72;240m▀[38;2;145;72;240;48;2;145;72;240m▀[38;2;145;72;240;48;2;74;19;160m▀[38;2;74;19;160;48;2;74;19;160m▀[38;2;93;26;196;48;2;93;26;196m▀[38;2;93;26;196;48;2;93;26;196m▀[38;2;93;26;196;48;2;93;26;196m▀[38;2;74;19;160;48;2;74;19;160m▀[38;2;74;19;160;48;2;74;19;160m▀[38;2;74;19;160;48;2;74;19;160m▀[38;2;145;72;240;48;2;145;72;240m▀[38;2;93;26;196;48;2;145;72;240m▀[38;2;93;26;196;48;2;93;26;196m▀[38;2;93;26;196;48;2;93;26;196m▀[38;2;74;19;160;48;2;93;26;196m▀[38;2;93;26;196;48;2;56;13;120m▀[38;2;74;19;160;48;2;74;19;160m▀[38;2;74;19;160;48;2;74;19;160m▀[0;38;2;74;19;160m▄[0m
[0m [38;2;145;72;240;48;2;145;72;240m▀[38;2;145;72;240;48;2;145;72;240m▀[38;2;145;72;240;48;2;145;72;240m▀[38;2;145;72;240;48;2;145;72;240m▀[38;2;145;72;240;48;2;145;72;240m▀[38;2;145;72;240;48;2;145;72;240m▀[38;2;145;72;240;48;2;74;19;160m▀[38;2;74;19;160;48;2;74;19;160m▀[38;2;74;19;160;48;2;74;19;160m▀[38;2;74;19;160;48;2;74;19;160m▀[38;2;93;26;196;48;2;74;19;160m▀[38;2;93;26;196;48;2;93;26;196m▀[38;2;74;19;160;48;2;74;19;160m▀[38;2;74;19;160;48;2;145;72;240m▀[38;2;145;72;240;48;2;145;72;240m▀[38;2;145;72;240;48;2;145;72;240m▀[38;2;145;72;240;48;2;145;72;240m▀[38;2;93;26;196;48;2;145;72;240m▀[38;2;93;26;196;48;2;93;26;196m▀[38;2;56;13;120;48;2;56;13;120m▀[38;2;56;13;120;48;2;56;13;120m▀[38;2;56;13;120;48;2;56;13;120m▀[38;2;74;19;160;48;2;56;13;120m▀[38;2;74;19;160;48;2;74;19;160m▀[0m
[38;2;145;72;240;48;2;116;41;224m▀[38;2;145;72;240;48;2;145;72;240m▀[38;2;145;72;240;48;2;145;72;240m▀[38;2;145;72;240;48;2;145;72;240m▀[38;2;145;72;240;48;2;145;72;240m▀[38;2;145;72;240;48;2;145;72;240m▀[38;2;145;72;240;48;2;116;41;224m▀[38;2;74;19;160;48;2;116;41;224m▀[38;2;74;19;160;48;2;116;41;224m▀[38;2;74;19;160;48;2;116;41;224m▀[38;2;74;19;160;48;2;116;41;224m▀[38;2;74;19;160;48;2;116;41;224m▀[38;2;93;26;196;48;2;116;41;224m▀[38;2;74;19;160;48;2;116;41;224m▀[38;2;145;72;240;48;2;116;41;224m▀[38;2;145;72;240;48;2;116;41;224m▀[38;2;145;72;240;48;2;116;41;224m▀[38;2;145;72;240;48;2;116;41;224m▀[38;2;145;72;240;48;2;116;41;224m▀[38;2;93;26;196;48;2;74;19;160m▀[38;2;56;13;120;48;2;56;13;120m▀[38;2;56;13;120;48;2;56;13;120m▀[38;2;56;13;120;48;2;56;13;120m▀[38;2;56;13;120;48;2;56;13;120m▀[38;2;56;13;120;48;2;56;13;120m▀[38;2;74;19;160;48;2;56;13;120m▀[0m
[38;2;116;41;224;48;2;116;41;224m▀[38;2;145;72;240;48;2;116;41;224m▀[38;2;145;72;240;48;2;145;72;240m▀[38;2;145;72;240;48;2;145;72;240m▀[38;2;145;72;240;48;2;145;72;240m▀[38;2;116;41;224;48;2;116;41;224m▀[38;2;116;41;224;48;2;116;41;224m▀[38;2;116;41;224;48;2;116;41;224m▀[38;2;116;41;224;48;2;116;41;224m▀[38;2;116;41;224;48;2;116;41;224m▀[38;2;116;41;224;48;2;116;41;224m▀[38;2;116;41;224;48;2;116;41;224m▀[38;2;116;41;224;48;2;116;41;224m▀[38;2;179;125;249;48;2;179;125;249m▀[38;2;116;41;224;48;2;179;125;249m▀[38;2;116;41;224;48;2;116;41;224m▀[38;2;116;41;224;48;2;116;41;224m▀[38;2;116;41;224;48;2;116;41;224m▀[38;2;116;41;224;48;2;116;41;224m▀[38;2;74;19;160;48;2;74;19;160m▀[38;2;74;19;160;48;2;74;19;160m▀[38;2;56;13;120;48;2;56;13;120m▀[38;2;56;13;120;48;2;56;13;120m▀[38;2;56;13;120;48;2;56;13;120m▀[38;2;56;13;120;48;2;56;13;120m▀[38;2;56;13;120;48;2;56;13;120m▀[0m
[38;2;116;41;224;48;2;116;41;224m▀[38;2;116;41;224;48;2;116;41;224m▀[38;2;116;41;224;48;2;116;41;224m▀[38;2;145;72;240;48;2;93;26;196m▀[38;2;116;41;224;48;2;116;41;224m▀[38;2;116;41;224;48;2;116;41;224m▀[38;2;116;41;224;48;2;116;41;224m▀[38;2;116;41;224;48;2;116;41;224m▀[38;2;116;41;224;48;2;116;41;224m▀[38;2;116;41;224;48;2;116;41;224m▀[38;2;116;41;224;48;2;116;41;224m▀[38;2;116;41;224;48;2;116;41;224m▀[38;2;116;41;224;48;2;116;41;224m▀[38;2;179;125;249;48;2;179;125;249m▀[38;2;179;125;249;48;2;179;125;249m▀[38;2;179;125;249;48;2;179;125;249m▀[38;2;116;41;224;48;2;179;125;249m▀[38;2;116;41;224;48;2;116;41;224m▀[38;2;116;41;224;48;2;74;19;160m▀[38;2;74;19;160;48;2;74;19;160m▀[38;2;74;19;160;48;2;74;19;160m▀[38;2;74;19;160;48;2;74;19;160m▀[38;2;56;13;120;48;2;56;13;120m▀[38;2;56;13;120;48;2;56;13;120m▀[38;2;56;13;120;48;2;56;13;120m▀[38;2;56;13;120;48;2;56;13;120m▀[0m
[38;2;93;26;196;48;2;93;26;196m▀[38;2;93;26;196;48;2;93;26;196m▀[38;2;93;26;196;48;2;93;26;196m▀[38;2;93;26;196;48;2;93;26;196m▀[38;2;93;26;196;48;2;93;26;196m▀[38;2;93;26;196;48;2;93;26;196m▀[38;2;93;26;196;48;2;93;26;196m▀[38;2;93;26;196;48;2;93;26;196m▀[38;2;116;41;224;48;2;74;19;160m▀[38;2;116;41;224;48;2;74;19;160m▀[38;2;116;41;224;48;2;116;41;224m▀[38;2;116;41;224;48;2;116;41;224m▀[38;2;116;41;224;48;2;116;41;224m▀[38;2;179;125;249;48;2;179;125;249m▀[38;2;179;125;249;48;2;179;125;249m▀[38;2;179;125;249;48;2;179;125;249m▀[38;2;179;125;249;48;2;74;19;160m▀[38;2;179;125;249;48;2;74;19;160m▀[38;2;56;13;120;48;2;56;13;120m▀[38;2;56;13;120;48;2;56;13;120m▀[38;2;56;13;120;48;2;56;13;120m▀[38;2;56;13;120;48;2;56;13;120m▀[38;2;56;13;120;48;2;56;13;120m▀[38;2;93;26;196;48;2;93;26;196m▀[38;2;93;26;196;48;2;93;26;196m▀[38;2;93;26;196;48;2;93;26;196m▀[0m
[0m [38;2;93;26;196;48;2;93;26;196m▀[38;2;93;26;196;48;2;93;26;196m▀[38;2;93;26;196;48;2;93;26;196m▀[38;2;93;26;196;48;2;93;26;196m▀[38;2;93;26;196;48;2;93;26;196m▀[38;2;93;26;196;48;2;93;26;196m▀[38;2;93;26;196;48;2;93;26;196m▀[38;2;74;19;160;48;2;74;19;160m▀[38;2;74;19;160;48;2;74;19;160m▀[38;2;74;19;160;48;2;74;19;160m▀[38;2;74;19;160;48;2;74;19;160m▀[38;2;74;19;160;48;2;56;13;120m▀[38;2;74;19;160;48;2;56;13;120m▀[38;2;74;19;160;48;2;74;19;160m▀[38;2;74;19;160;48;2;74;19;160m▀[38;2;74;19;160;48;2;74;19;160m▀[38;2;74;19;160;48;2;74;19;160m▀[38;2;56;13;120;48;2;56;13;120m▀[38;2;56;13;120;48;2;56;13;120m▀[38;2;56;13;120;48;2;56;13;120m▀[38;2;56;13;120;48;2;56;13;120m▀[38;2;56;13;120;48;2;56;13;120m▀[38;2;93;26;196;48;2;93;26;196m▀[38;2;93;26;196;48;2;93;26;196m▀[0m
[0m [0m [38;2;93;26;196;48;2;93;26;196m▀[38;2;93;26;196;48;2;93;26;196m▀[38;2;93;26;196;48;2;93;26;196m▀[38;2;93;26;196;48;2;93;26;196m▀[38;2;93;26;196;48;2;93;26;196m▀[38;2;93;26;196;48;2;93;26;196m▀[38;2;74;19;160;48;2;93;26;196m▀[38;2;74;19;160;48;2;56;13;120m▀[38;2;56;13;120;48;2;56;13;120m▀[38;2;56;13;120;48;2;56;13;120m▀[38;2;56;13;120;48;2;56;13;120m▀[38;2;56;13;120;48;2;56;13;120m▀[38;2;56;13;120;48;2;56;13;120m▀[38;2;56;13;120;48;2;56;13;120m▀[38;2;74;19;160;48;2;56;13;120m▀[38;2;74;19;160;48;2;56;13;120m▀[38;2;56;13;120;48;2;56;13;120m▀[38;2;56;13;120;48;2;56;13;120m▀[38;2;56;13;120;48;2;56;13;120m▀[38;2;56;13;120;48;2;56;13;120m▀[38;2;56;13;120;48;2;56;13;120m▀[38;2;93;26;196;48;2;93;26;196m▀[0m
[0m [0m [0m [0;38;2;74;19;160m▀[0;38;2;74;19;160m▀[38;2;74;19;160;48;2;74;19;160m▀[38;2;74;19;160;48;2;74;19;160m▀[38;2;74;19;160;48;2;74;19;160m▀[38;2;38;8;80;48;2;38;8;80m▀[38;2;56;13;120;48;2;38;8;80m▀[38;2;56;13;120;48;2;56;13;120m▀[38;2;56;13;120;48;2;56;13;120m▀[38;2;56;13;120;48;2;56;13;120m▀[38;2;56;13;120;48;2;56;13;120m▀[38;2;56;13;120;48;2;56;13;120m▀[38;2;56;13;120;48;2;56;13;120m▀[38;2;56;13;120;48;2;133;67;228m▀[38;2;133;67;228;48;2;133;67;228m▀[38;2;204;167;251;48;2;204;167;251m▀[38;2;204;167;251;48;2;204;167;251m▀[38;2;204;167;251;48;2;204;167;251m▀[0;38;2;204;167;251m▀[0;38;2;204;167;251m▀[0m
[0m [0m [0m [0m [0m [0m [0;38;2;74;19;160m▀[0;38;2;74;19;160m▀[0;38;2;38;8;80m▀[38;2;38;8;80;48;2;38;8;80m▀[38;2;38;8;80;48;2;38;8;80m▀[38;2;56;13;120;48;2;38;8;80m▀[38;2;56;13;120;48;2;56;13;120m▀[38;2;56;13;120;48;2;56;13;120m▀[38;2;56;13;120;48;2;133;67;228m▀[38;2;133;67;228;48;2;133;67;228m▀[38;2;133;67;228;48;2;133;67;228m▀[0;38;2;133;67;228m▀[0;38;2;133;67;228m▀[0;38;2;204;167;251m▀[0m
