[0m [0m [0m [0m [0m [0;38;2;185;138;232m▄[38;2;185;138;232;48;2;185;138;232m▀[38;2;220;193;250;48;2;220;193;250m▀[38;2;220;193;250;48;2;220;193;250m▀[38;2;220;193;250;48;2;220;193;250m▀[38;2;220;193;250;48;2;220;193;250m▀[38;2;220;193;250;48;2;220;193;250m▀[38;2;220;193;250;48;2;220;193;250m▀[38;2;220;193;250;48;2;220;193;250m▀[38;2;220;193;250;48;2;220;193;250m▀[38;2;220;193;250;48;2;220;193;250m▀[38;2;220;193;250;48;2;196;156;240m▀[38;2;168;116;224;48;2;196;156;240m▀[38;2;168;116;224;48;2;168;116;224m▀[38;2;168;116;224;48;2;168;116;224m▀[38;2;168;116;224;48;2;168;116;224m▀[38;2;168;116;224;48;2;168;116;224m▀[38;2;168;116;224;48;2;168;116;224m▀[38;2;168;116;224;48;2;168;116;224m▀[38;2;168;116;224;48;2;168;116;224m▀[38;2;168;116;224;48;2;168;116;224m▀[38;2;168;116;224;48;2;168;116;224m▀[38;2;138;85;204;48;2;138;85;204m▀[0;38;2;138;85;204m▄[0m
[0m [0m [0m [0m [0;38;2;185;138;232m▄[38;2;185;138;232;48;2;185;138;232m▀[38;2;185;138;232;48;2;185;138;232m▀[38;2;185;138;232;48;2;185;138;232m▀[38;2;220;193;250;48;2;185;138;232m▀[38;2;220;193;250;48;2;220;193;250m▀[38;2;220;193;250;48;2;220;193;250m▀[38;2;220;193;250;48;2;220;193;250m▀[38;2;220;193;250;48;2;220;193;250m▀[38;2;220;193;250;48;2;220;193;250m▀[38;2;220;193;250;48;2;220;193;250m▀[38;2;196;156;240;48;2;196;156;240m▀[38;2;196;156;240;48;2;196;156;240m▀[38;2;196;156;240;48;2;196;156;240m▀[38;2;196;156;240;48;2;196;156;240m▀[38;2;168;116;224;48;2;168;116;224m▀[38;2;168;116;224;48;2;168;116;224m▀[38;2;168;116;224;48;2;168;116;224m▀[38;2;168;116;224;48;2;168;116;224m▀[38;2;168;116;224;48;2;168;116;224m▀[38;2;168;116;224;48;2;168;116;224m▀[38;2;168;116;224;48;2;138;85;204m▀[38;2;138;85;204;48;2;138;85;204m▀[38;2;138;85;204;48;2;138;85;204m▀[38;2;138;85;204;48;2;138;85;204m▀[0;38;2;138;85;204m▄[0m
[0m [0m [0;38;2;185;138;232m▄[38;2;185;138;232;48;2;185;138;232m▀[38;2;185;138;232;48;2;185;138;232m▀[38;2;185;138;232;48;2;185;138;232m▀[38;2;185;138;232;48;2;185;138;232m▀[38;2;185;138;232;48;2;185;138;232m▀[38;2;185;138;232;48;2;185;138;232m▀[38;2;220;193;250;48;2;185;138;232m▀[38;2;220;193;250;48;2;220;193;250m▀[38;2;220;193;250;48;2;220;193;250m▀[38;2;220;193;250;48;2;220;193;250m▀[38;2;220;193;250;48;2;196;156;240m▀[38;2;196;156;240;48;2;196;156;240m▀[38;2;196;156;240;48;2;196;156;240m▀[38;2;196;156;240;48;2;196;156;240m▀[38;2;196;156;240;48;2;196;156;240m▀[38;2;196;156;240;48;2;196;156;240m▀[38;2;196;156;240;48;2;196;156;240m▀[38;2;168;116;224;48;2;196;156;240m▀[38;2;168;116;224;48;2;168;116;224m▀[38;2;168;116;224;48;2;168;116;224m▀[38;2;168;116;224;48;2;168;116;224m▀[38;2;168;116;224;48;2;138;85;204m▀[38;2;138;85;204;48;2;138;85;204m▀[38;2;138;85;204;48;2;138;85;204m▀[38;2;138;85;204;48;2;138;85;204m▀[38;2;138;85;204;48;2;138;85;204m▀[38;2;138;85;204;48;2;138;85;204m▀[38;2;138;85;204;48;2;138;85;204m▀[0;38;2;138;85;204m▄[0m
[0m [38;2;185;138;232;48;2;185;138;232m▀[38;2;185;138;232;48;2;185;138;232m▀[38;2;185;138;232;48;2;185;138;232m▀[38;2;185;138;232;48;2;185;138;232m▀[38;2;185;138;232;48;2;185;138;232m▀[38;2;185;138;232;48;2;185;138;232m▀[38;2;185;138;232;48;2;185;138;232m▀[38;2;185;138;232;48;2;185;138;232m▀[38;2;185;138;232;48;2;185;138;232m▀[38;2;185;138;232;48;2;185;138;232m▀[38;2;220;193;250;48;2;220;193;250m▀[38;2;220;193;250;48;2;196;156;240m▀[38;2;196;156;240;48;2;196;156;240m▀[38;2;196;156;240;48;2;196;156;240m▀[38;2;196;156;240;48;2;196;156;240m▀[38;2;196;156;240;48;2;196;156;240m▀[38;2;196;156;240;48;2;196;156;240m▀[38;2;196;156;240;48;2;196;156;240m▀[38;2;196;156;240;48;2;196;156;240m▀[38;2;196;156;240;48;2;196;156;240m▀[38;2;168;116;224;48;2;196;156;240m▀[38;2;168;116;224;48;2;168;116;224m▀[38;2;138;85;204;48;2;138;85;204m▀[38;2;138;85;204;48;2;138;85;204m▀[38;2;138;85;204;48;2;138;85;204m▀[38;2;138;85;204;48;2;138;85;204m▀[38;2;138;85;204;48;2;138;85;204m▀[38;2;138;85;204;48;2;138;85;204m▀[38;2;138;85;204;48;2;138;85;204m▀[38;2;138;85;204;48;2;138;85;204m▀[38;2;138;85;204;48;2;138;85;204m▀[38;2;138;85;204;48;2;138;85;204m▀[0m
[0;38;2;125;67;196m▀[38;2;125;67;196;48;2;125;67;196m▀[38;2;125;67;196;48;2;125;67;196m▀[38;2;125;67;196;48;2;125;67;196m▀[38;2;125;67;196;48;2;125;67;196m▀[38;2;125;67;196;48;2;125;67;196m▀[38;2;125;67;196;48;2;125;67;196m▀[38;2;125;67;196;48;2;125;67;196m▀[38;2;125;67;196;48;2;125;67;196m▀[38;2;125;67;196;48;2;125;67;196m▀[38;2;125;67;196;48;2;125;67;196m▀[38;2;125;67;196;48;2;125;67;196m▀[38;2;155;98;220;48;2;155;98;220m▀[38;2;155;98;220;48;2;155;98;220m▀[38;2;155;98;220;48;2;155;98;220m▀[38;2;155;98;220;48;2;155;98;220m▀[38;2;155;98;220;48;2;155;98;220m▀[38;2;155;98;220;48;2;155;98;220m▀[38;2;155;98;220;48;2;155;98;220m▀[38;2;155;98;220;48;2;155;98;220m▀[38;2;155;98;220;48;2;155;98;220m▀[38;2;155;98;220;48;2;155;98;220m▀[38;2;94;42;156;48;2;94;42;156m▀[38;2;94;42;156;48;2;94;42;156m▀[38;2;94;42;156;48;2;94;42;156m▀[38;2;94;42;156;48;2;94;42;156m▀[38;2;94;42;156;48;2;94;42;156m▀[38;2;94;42;156;48;2;94;42;156m▀[38;2;94;42;156;48;2;94;42;156m▀[38;2;94;42;156;48;2;94;42;156m▀[38;2;94;42;156;48;2;94;42;156m▀[38;2;94;42;156;48;2;94;42;156m▀[38;2;94;42;156;48;2;94;42;156m▀[0;38;2;94;42;156m▀[0m
[0m [0m [0;38;2;125;67;196m▀[38;2;125;67;196;48;2;125;67;196m▀[38;2;125;67;196;48;2;125;67;196m▀[38;2;125;67;196;48;2;125;67;196m▀[38;2;125;67;196;48;2;125;67;196m▀[38;2;125;67;196;48;2;125;67;196m▀[38;2;125;67;196;48;2;125;67;196m▀[38;2;125;67;196;48;2;125;67;196m▀[38;2;125;67;196;48;2;125;67;196m▀[38;2;125;67;196;48;2;125;67;196m▀[38;2;155;98;220;48;2;125;67;196m▀[38;2;155;98;220;48;2;155;98;220m▀[38;2;155;98;220;48;2;155;98;220m▀[38;2;155;98;220;48;2;155;98;220m▀[38;2;155;98;220;48;2;155;98;220m▀[38;2;155;98;220;48;2;155;98;220m▀[38;2;155;98;220;48;2;155;98;220m▀[38;2;155;98;220;48;2;155;98;220m▀[38;2;155;98;220;48;2;155;98;220m▀[38;2;155;98;220;48;2;94;42;156m▀[38;2;94;42;156;48;2;94;42;156m▀[38;2;94;42;156;48;2;94;42;156m▀[38;2;94;42;156;48;2;94;42;156m▀[38;2;94;42;156;48;2;94;42;156m▀[38;2;94;42;156;48;2;94;42;156m▀[38;2;94;42;156;48;2;94;42;156m▀[38;2;94;42;156;48;2;94;42;156m▀[38;2;94;42;156;48;2;94;42;156m▀[38;2;94;42;156;48;2;94;42;156m▀[0;38;2;94;42;156m▀[0m
[0m [0m [0m [0m [0;38;2;125;67;196m▀[38;2;125;67;196;48;2;125;67;196m▀[38;2;125;67;196;48;2;125;67;196m▀[38;2;125;67;196;48;2;125;67;196m▀[38;2;125;67;196;48;2;125;67;196m▀[38;2;125;67;196;48;2;125;67;196m▀[38;2;125;67;196;48;2;125;67;196m▀[38;2;125;67;196;48;2;125;67;196m▀[38;2;125;67;196;48;2;125;67;196m▀[38;2;155;98;220;48;2;155;98;220m▀[38;2;155;98;220;48;2;155;98;220m▀[38;2;155;98;220;48;2;155;98;220m▀[38;2;155;98;220;48;2;155;98;220m▀[38;2;155;98;220;48;2;155;98;220m▀[38;2;155;98;220;48;2;155;98;220m▀[38;2;155;98;220;48;2;155;98;220m▀[38;2;155;98;220;48;2;155;98;220m▀[38;2;94;42;156;48;2;94;42;156m▀[38;2;94;42;156;48;2;94;42;156m▀[38;2;94;42;156;48;2;94;42;156m▀[38;2;94;42;156;48;2;94;42;156m▀[38;2;94;42;156;48;2;94;42;156m▀[38;2;94;42;156;48;2;94;42;156m▀[38;2;94;42;156;48;2;94;42;156m▀[38;2;94;42;156;48;2;94;42;156m▀[0;38;2;94;42;156m▀[0m
[0m [0m [0m [0m [0m [0;38;2;125;67;196m▀[38;2;125;67;196;48;2;125;67;196m▀[38;2;125;67;196;48;2;125;67;196m▀[38;2;125;67;196;48;2;125;67;196m▀[38;2;125;67;196;48;2;125;67;196m▀[38;2;125;67;196;48;2;125;67;196m▀[38;2;125;67;196;48;2;125;67;196m▀[38;2;125;67;196;48;2;125;67;196m▀[38;2;155;98;220;48;2;125;67;196m▀[38;2;155;98;220;48;2;155;98;220m▀[38;2;155;98;220;48;2;155;98;220m▀[38;2;155;98;220;48;2;155;98;220m▀[38;2;155;98;220;48;2;155;98;220m▀[38;2;155;98;220;48;2;155;98;220m▀[38;2;155;98;220;48;2;155;98;220m▀[38;2;155;98;220;48;2;94;42;156m▀[38;2;94;42;156;48;2;94;42;156m▀[38;2;94;42;156;48;2;94;42;156m▀[38;2;94;42;156;48;2;94;42;156m▀[38;2;94;42;156;48;2;94;42;156m▀[38;2;94;42;156;48;2;94;42;156m▀[38;2;94;42;156;48;2;94;42;156m▀[38;2;94;42;156;48;2;94;42;156m▀[0;38;2;94;42;156m▀[0m
[0m [0m [0m [0m [0m [0m [0m [0;38;2;125;67;196m▀[38;2;125;67;196;48;2;125;67;196m▀[38;2;125;67;196;48;2;125;67;196m▀[38;2;125;67;196;48;2;125;67;196m▀[38;2;125;67;196;48;2;125;67;196m▀[38;2;125;67;196;48;2;125;67;196m▀[38;2;125;67;196;48;2;125;67;196m▀[38;2;155;98;220;48;2;155;98;220m▀[38;2;155;98;220;48;2;155;98;220m▀[38;2;155;98;220;48;2;155;98;220m▀[38;2;155;98;220;48;2;155;98;220m▀[38;2;155;98;220;48;2;155;98;220m▀[38;2;155;98;220;48;2;155;98;220m▀[38;2;94;42;156;48;2;94;42;156m▀[38;2;94;42;156;48;2;94;42;156m▀[38;2;94;42;156;48;2;94;42;156m▀[38;2;94;42;156;48;2;94;42;156m▀[38;2;94;42;156;48;2;94;42;156m▀[38;2;94;42;156;48;2;94;42;156m▀[0;38;2;94;42;156m▀[0m
[0m [0m [0m [0m [0m [0m [0m [0m [0m [0;38;2;125;67;196m▀[38;2;125;67;196;48;2;125;67;196m▀[38;2;125;67;196;48;2;125;67;196m▀[38;2;125;67;196;48;2;125;67;196m▀[38;2;125;67;196;48;2;125;67;196m▀[38;2;155;98;220;48;2;125;67;196m▀[38;2;155;98;220;48;2;155;98;220m▀[38;2;155;98;220;48;2;155;98;220m▀[38;2;155;98;220;48;2;155;98;220m▀[38;2;155;98;220;48;2;155;98;220m▀[38;2;155;98;220;48;2;94;42;156m▀[38;2;94;42;156;48;2;94;42;156m▀[38;2;94;42;156;48;2;94;42;156m▀[38;2;94;42;156;48;2;94;42;156m▀[38;2;94;42;156;48;2;94;42;156m▀[0;38;2;94;42;156m▀[0m
[0m [0m [0m [0m [0m [0m [0m [0m [0m [0m [0m [38;2;125;67;196;48;2;125;67;196m▀[38;2;125;67;196;48;2;125;67;196m▀[38;2;125;67;196;48;2;125;67;196m▀[38;2;125;67;196;48;2;125;67;196m▀[38;2;155;98;220;48;2;155;98;220m▀[38;2;155;98;220;48;2;155;98;220m▀[38;2;155;98;220;48;2;155;98;220m▀[38;2;155;98;220;48;2;155;98;220m▀[38;2;94;42;156;48;2;94;42;156m▀[38;2;94;42;156;48;2;94;42;156m▀[38;2;94;42;156;48;2;94;42;156m▀[38;2;94;42;156;48;2;94;42;156m▀[0m
[0m [0m [0m [0m [0m [0m [0m [0m [0m [0m [0m [0m [0;38;2;125;67;196m▀[38;2;125;67;196;48;2;125;67;196m▀[38;2;125;67;196;48;2;125;67;196m▀[38;2;125;67;196;48;2;125;67;196m▀[38;2;155;98;220;48;2;155;98;220m▀[38;2;155;98;220;48;2;155;98;220m▀[38;2;94;42;156;48;2;94;42;156m▀[38;2;94;42;156;48;2;94;42;156m▀[38;2;94;42;156;48;2;94;42;156m▀[0;38;2;94;42;156m▀[0m
[0m [0m [0m [0m [0m [0m [0m [0m [0m [0m [0m [0m [0m [0m [0;38;2;125;67;196m▀[38;2;125;67;196;48;2;125;67;196m▀[38;2;155;98;220;48;2;155;98;220m▀[38;2;155;98;220;48;2;155;98;220m▀[38;2;94;42;156;48;2;94;42;156m▀[0;38;2;94;42;156m▀[0m
[0m [0m [0m [0m [0m [0m [0m [0m [0m [0m [0m [0m [0m [0m [0m [0m [0;38;2;125;67;196m▀[0;38;2;94;42;156m▀[0m
